     111   0.1380   1.000062 3.721458e+08 372168845 
    -211   0.1380   1.000006 3.721458e+08 372148139 
     211   0.1380   1.000061 3.721458e+08 372168582 
    -311   0.4940   1.000063 1.013897e+08 101396036 
    -321   0.4940   1.000053 1.013897e+08 101395103 
     321   0.4940   1.000123 1.013897e+08 101402210 
     311   0.4940   1.000071 1.013897e+08 101396862 
     221   0.5480   1.000073 7.918798e+07 79193749 
     113   0.7760   0.999887 7.045903e+07 70451046 
     213   0.7760   1.000243 7.045903e+07 70476143 
    -213   0.7760   1.000114 7.045903e+07 70467030 
     223   0.7830   0.999936 7.254126e+07 72536599 
 9000221   0.8000   0.999760 2.202788e+07 22022583 
    -313   0.8920   1.000149 3.841984e+07 38425562 
     313   0.8920   0.999874 3.841984e+07 38414993 
     323   0.8920   1.000033 3.841984e+07 38421112 
    -323   0.8920   0.999895 3.841984e+07 38415811 
    2112   0.9380   0.999610 2.214816e+07 22139529 
   -2112   0.9380   0.999857 2.214816e+07 22145008 
    2212   0.9380   0.999947 2.214816e+07 22146997 
   -2212   0.9380   1.000276 2.214816e+07 22154284 
     331   0.9580   0.999860 8.134302e+06 8133161 
-9000211   0.9890   1.000207 6.713719e+06 6715112 
 9000211   0.9890   1.000520 6.713719e+06 6717208 
 9000111   0.9890   0.999760 6.713719e+06 6712109 
 9010221   0.9900   1.000648 6.977714e+06 6982235 
     333   1.0190   1.000091 2.096333e+07 20965245 
    3122   1.1160   0.999902 8.417373e+06 8416548 
   -3122   1.1160   0.999736 8.417373e+06 8415153 
   10223   1.1700   1.000243 1.267970e+07 12682782 
    3112   1.1890   1.000505 5.612834e+06 5615670 
   -3112   1.1890   0.999778 5.612834e+06 5611588 
    3212   1.1890   0.999619 5.612834e+06 5610698 
   -3212   1.1890   1.000290 5.612834e+06 5614464 
    3222   1.1890   0.999655 5.612834e+06 5610896 
   -3222   1.1890   1.000105 5.612834e+06 5613423 
  -10213   1.2295   1.000241 6.371057e+06 6372592 
   10213   1.2295   1.000052 6.371057e+06 6371388 
   10113   1.2295   1.000242 6.371057e+06 6372598 
   20213   1.2300   0.999444 1.033828e+07 10332530 
   20113   1.2300   1.000323 1.033828e+07 10341621 
  -20213   1.2300   1.000183 1.033828e+07 10340169 
    2224   1.2320   1.000767 5.915227e+06 5919766 
   -2224   1.2320   1.000349 5.915227e+06 5917294 
    2214   1.2320   1.000145 5.915227e+06 5916082 
   -2214   1.2320   0.999952 5.915227e+06 5914942 
    2114   1.2320   1.000360 5.915227e+06 5917359 
   -2114   1.2320   0.999869 5.915227e+06 5914453 
    1114   1.2320   0.999699 5.915227e+06 5913447 
   -1114   1.2320   0.999962 5.915227e+06 5915001 
  -10313   1.2720   0.999120 3.879655e+06 3876242 
  -10323   1.2720   0.999531 3.879655e+06 3877837 
   10323   1.2720   0.999307 3.879655e+06 3876966 
   10313   1.2720   0.999382 3.879655e+06 3877257 
     225   1.2760   0.999499 8.656160e+06 8651822 
   20223   1.2819   0.999653 4.732616e+06 4730974 
  100221   1.2940   0.999873 1.479983e+06 1479795 
 -100211   1.3000   0.999110 2.454291e+06 2452108 
  100111   1.3000   0.998895 2.454291e+06 2451579 
  100211   1.3000   0.999251 2.454291e+06 2452453 
    3322   1.3180   1.000237 2.715516e+06 2716160 
   -3322   1.3180   0.999789 2.715516e+06 2714943 
    3312   1.3180   0.999813 2.715516e+06 2715007 
   -3312   1.3180   0.999366 2.715516e+06 2713795 
     215   1.3183   1.000046 7.585631e+06 7585981 
     115   1.3183   0.999973 7.585631e+06 7585427 
    -215   1.3183   1.000113 7.585631e+06 7586488 
   10221   1.3500   0.999216 1.417120e+06 1416009 
 9000213   1.3540   1.000136 3.953428e+06 3953966 
 9000113   1.3540   0.999045 3.953428e+06 3949652 
-9000213   1.3540   0.999278 3.953428e+06 3950572 
    3224   1.3850   1.001964 3.032906e+06 3038862 
   -3224   1.3850   1.000192 3.032906e+06 3033489 
    3214   1.3850   0.999885 3.031208e+06 3030859 
   -3214   1.3850   0.999648 3.031208e+06 3030141 
    3114   1.3850   0.999687 3.024291e+06 3023344 
   -3114   1.3850   1.000500 3.024291e+06 3025802 
  -20323   1.4030   1.000231 2.593882e+06 2594482 
  -20313   1.4030   1.000093 2.593882e+06 2594124 
   20313   1.4030   0.999933 2.593882e+06 2593707 
   20323   1.4030   1.000228 2.593882e+06 2594474 
   13122   1.4050   1.001380 1.351830e+06 1353696 
  -13122   1.4050   1.000458 1.351830e+06 1352449 
 9020221   1.4090   0.998746 7.362906e+05 735367 
 -100323   1.4210   0.999221 2.473114e+06 2471186 
 -100313   1.4210   0.999887 2.473114e+06 2472834 
  100313   1.4210   0.999346 2.473114e+06 2471495 
  100323   1.4210   0.999730 2.473114e+06 2472446 
  100223   1.4250   1.000322 4.263392e+06 4264766 
   20333   1.4264   0.999204 2.160803e+06 2159083 
    -325   1.4290   0.999805 3.505159e+06 3504475 
     325   1.4290   1.000010 3.505159e+06 3505193 
    -315   1.4290   1.000086 3.505159e+06 3505459 
     315   1.4290   1.000380 3.505159e+06 3506489 
   12212   1.4400   1.000256 1.035486e+06 1035751 
  -12212   1.4400   0.999643 1.035486e+06 1035116 
   12112   1.4400   1.001042 1.035486e+06 1036565 
  -12112   1.4400   1.001116 1.035486e+06 1036641 
  -10311   1.4530   1.000736 9.716032e+05 972318 
  -10321   1.4530   1.000304 9.716032e+05 971899 
   10321   1.4530   1.000859 9.716032e+05 972438 
   10311   1.4530   1.001509 9.716032e+05 973069 
  100113   1.4650   0.999270 2.583475e+06 2581589 
  100213   1.4650   1.000911 2.583475e+06 2585829 
 -100213   1.4650   1.000368 2.583475e+06 2584426 
  -10211   1.4740   1.000737 6.511209e+05 651601 
   10211   1.4740   1.000825 6.511209e+05 651658 
   10111   1.4740   1.001680 6.511209e+05 652215 
  100331   1.4760   1.001406 5.794082e+05 580223 
 9030221   1.5070   0.999086 6.348936e+05 634313 
    2124   1.5150   0.997265 1.340823e+06 1337156 
   -2124   1.5150   0.998523 1.340823e+06 1338842 
    1214   1.5150   0.999049 1.340823e+06 1339548 
   -1214   1.5150   0.998779 1.340823e+06 1339186 
    3124   1.5200   0.999816 1.265184e+06 1264951 
   -3124   1.5200   0.998297 1.265184e+06 1263029 
     335   1.5250   0.998582 2.027071e+06 2024196 
   22112   1.5300   0.997483 6.151786e+05 613630 
  -22112   1.5300   1.000392 6.151786e+05 615420 
   22212   1.5300   1.000412 6.151786e+05 615432 
  -22212   1.5300   0.999975 6.151786e+05 615163 
    3324   1.5330   1.000781 1.448974e+06 1450106 
   -3324   1.5330   0.998826 1.448974e+06 1447273 
    3314   1.5330   0.998912 1.448974e+06 1447397 
   -3314   1.5330   0.999908 1.448974e+06 1448841 
   23122   1.6000   0.999817 4.884783e+05 488389 
  -23122   1.6000   0.999357 4.884783e+05 488164 
    2222   1.6100   0.999391 4.162576e+05 416004 
   -2222   1.6100   1.000371 4.162576e+05 416412 
    1112   1.6100   1.000006 4.162576e+05 416260 
   -1112   1.6100   0.999165 4.162576e+05 415910 
    1212   1.6100   1.003325 4.162581e+05 417642 
   -1212   1.6100   0.998157 4.162581e+05 415491 
    2122   1.6100   0.997536 4.162576e+05 415232 
   -2122   1.6100   1.001445 4.162576e+05 416859 
   10225   1.6170   0.999348 1.222096e+06 1221299 
   32112   1.6500   1.000433 3.878032e+05 387971 
  -32112   1.6500   1.001611 3.878032e+05 388428 
   32212   1.6500   1.000497 3.878031e+05 387996 
  -32212   1.6500   1.000222 3.878031e+05 387889 
   13212   1.6600   0.998797 3.421336e+05 341722 
  -13212   1.6600   1.001173 3.421336e+05 342535 
   13112   1.6600   1.003283 3.421397e+05 343263 
  -13112   1.6600   1.002897 3.421397e+05 343131 
   13222   1.6600   1.002877 3.421406e+05 343125 
  -13222   1.6600   1.000796 3.421406e+05 342413 
 9010113   1.6620   1.002475 6.670258e+05 668677 
-9010213   1.6620   0.999685 6.670258e+05 666816 
 9010213   1.6620   1.002319 6.670258e+05 668573 
     227   1.6670   0.999666 2.443151e+06 2442334 
   13114   1.6700   0.999402 5.384571e+05 538135 
  -13114   1.6700   1.001573 5.384571e+05 539304 
   13214   1.6700   0.999915 5.384249e+05 538379 
  -13214   1.6700   0.999166 5.384249e+05 537976 
   33122   1.6700   0.996416 2.867677e+05 285740 
  -33122   1.6700   0.997428 2.867677e+05 286030 
   13224   1.6700   1.002030 5.384639e+05 539557 
  -13224   1.6700   0.997454 5.384639e+05 537093 
   30223   1.6700   0.999708 1.693065e+06 1692571 
    3334   1.6720   1.001309 7.033636e+05 704284 
   -3334   1.6720   0.997636 7.033636e+05 701701 
   10115   1.6720   0.999949 2.257250e+06 2257135 
  -10215   1.6720   0.999986 2.257250e+06 2257219 
   10215   1.6720   0.999539 2.257250e+06 2256210 
    2216   1.6750   0.998899 8.901383e+05 889158 
   -2216   1.6750   1.000315 8.901383e+05 890419 
    2116   1.6750   1.000850 8.901383e+05 890895 
   -2116   1.6750   1.000612 8.901383e+05 890683 
  100333   1.6800   1.000798 5.782265e+05 578688 
   12216   1.6850   1.000048 7.844286e+05 784466 
  -12216   1.6850   1.002128 7.844286e+05 786098 
   12116   1.6850   1.000258 7.844286e+05 784631 
  -12116   1.6850   1.001103 7.844286e+05 785294 
    -217   1.6890   0.999586 1.856134e+06 1855366 
     117   1.6890   0.999140 1.856134e+06 1854537 
     217   1.6890   1.000262 1.856134e+06 1856621 
  203312   1.6900   1.005879 1.883686e+05 189476 
 -203312   1.6900   1.003044 1.883686e+05 188942 
   13124   1.6900   0.997887 4.648324e+05 463850 
  -13124   1.6900   0.999644 4.648324e+05 464667 
  203322   1.6900   1.003899 1.883686e+05 189103 
 -203322   1.6900   1.004191 1.883686e+05 189158 
   42212   1.7100   0.999914 2.382314e+05 238211 
  -42212   1.7100   1.000867 2.382314e+05 238438 
   11114   1.7100   1.000731 5.068163e+05 507187 
  -11114   1.7100   1.002111 5.068163e+05 507886 
   42112   1.7100   1.003528 2.382314e+05 239072 
  -42112   1.7100   0.999196 2.382314e+05 238040 
   12114   1.7100   0.999599 5.068163e+05 506613 
  -12114   1.7100   1.001300 5.068163e+05 507475 
   12214   1.7100   1.000082 5.068163e+05 506858 
  -12214   1.7100   0.998449 5.068163e+05 506030 
   12224   1.7100   0.999850 5.068163e+05 506740 
  -12224   1.7100   1.002154 5.068163e+05 507908 
  -30323   1.7180   0.999764 7.824014e+05 782217 
  -30313   1.7180   0.999505 7.824014e+05 782014 
   30313   1.7180   0.998353 7.824014e+05 781113 
   30323   1.7180   0.999372 7.824014e+05 781910 
  -30213   1.7200   1.001281 9.815482e+05 982806 
   30113   1.7200   0.998904 9.815482e+05 980472 
   21214   1.7200   1.000321 5.196290e+05 519796 
  -21214   1.7200   0.998982 5.196290e+05 519100 
   30213   1.7200   0.999702 9.815482e+05 981256 
   22124   1.7200   0.999478 5.196290e+05 519358 
  -22124   1.7200   0.998965 5.196290e+05 519091 
   32124   1.7200   1.004351 5.050733e+05 507271 
  -32124   1.7200   1.000930 5.050733e+05 505543 
   31214   1.7200   1.000776 5.050733e+05 505465 
  -31214   1.7200   1.001047 5.050733e+05 505602 
   10331   1.7230   1.000676 2.121057e+05 212249 
   23222   1.7500   0.995373 1.768804e+05 176062 
  -23222   1.7500   0.999489 1.768804e+05 176790 
   23112   1.7500   1.002169 1.768804e+05 177264 
  -23112   1.7500   0.996498 1.768804e+05 176261 
   23212   1.7500   0.998794 1.768804e+05 176667 
  -23212   1.7500   0.996764 1.768804e+05 176308 
  -10315   1.7730   1.000845 4.953154e+05 495734 
  -10325   1.7730   1.003227 4.953154e+05 496914 
   10315   1.7730   0.998848 4.953154e+05 494745 
   10325   1.7730   1.000827 4.953154e+05 495725 
    3226   1.7750   0.999218 4.780637e+05 477690 
   -3226   1.7750   0.998087 4.780637e+05 477149 
    3216   1.7750   0.998516 4.778980e+05 477189 
   -3216   1.7750   0.999433 4.778980e+05 477627 
    3116   1.7750   0.997520 4.780325e+05 476847 
   -3116   1.7750   1.000053 4.780325e+05 478058 
    -327   1.7760   0.998195 7.176040e+05 716309 
     327   1.7760   0.998933 7.176040e+05 716838 
     317   1.7760   0.999639 7.176040e+05 717345 
    -317   1.7760   0.997762 7.176040e+05 715998 
   43122   1.8000   1.000677 1.501064e+05 150208 
  -43122   1.8000   0.994655 1.501064e+05 149304 
   53122   1.8100   0.998449 1.339097e+05 133702 
  -53122   1.8100   0.997650 1.339097e+05 133595 
 9010211   1.8120   0.992100 1.107872e+05 109912 
 9010111   1.8120   0.994871 1.107872e+05 110219 
-9010211   1.8120   0.997814 1.107872e+05 110545 
   20325   1.8190   0.999956 5.425778e+05 542554 
  -20325   1.8190   1.001650 5.425778e+05 543473 
   20315   1.8190   1.000244 5.425778e+05 542710 
  -20315   1.8190   0.999495 5.425778e+05 542304 
    3126   1.8200   1.000915 3.566425e+05 356969 
   -3126   1.8200   0.999098 3.566425e+05 356321 
   13324   1.8230   1.001488 2.654380e+05 265833 
  -13324   1.8230   0.999748 2.654380e+05 265371 
   13314   1.8230   1.003131 2.654380e+05 266269 
  -13314   1.8230   0.999902 2.654380e+05 265412 
   13126   1.8300   1.000513 3.124437e+05 312604 
  -13126   1.8300   1.000734 3.124437e+05 312673 
     337   1.8540   0.999363 4.402154e+05 439935 
    -411   1.8600   0.997612 5.800051e+04 57862 
     421   1.8600   0.987543 5.800051e+04 57278 
     411   1.8600   0.990733 5.800051e+04 57463 
   11112   1.8600   0.999547 1.301220e+05 130063 
  -11112   1.8600   0.999877 1.301220e+05 130106 
   11212   1.8600   1.000584 1.301220e+05 130198 
  -11212   1.8600   0.997095 1.301220e+05 129744 
   12122   1.8600   1.001852 1.301220e+05 130363 
  -12122   1.8600   0.999355 1.301220e+05 130038 
   12222   1.8600   1.001729 1.301220e+05 130347 
  -12222   1.8600   1.000093 1.301220e+05 130134 
    -421   1.8600   0.994957 5.800051e+04 57708 
 9902114   1.8750   0.997702 2.528611e+05 252280 
-9902114   1.8750   1.001170 2.528611e+05 253157 
 9902214   1.8750   0.998639 2.528611e+05 252517 
-9902214   1.8750   0.999359 2.528611e+05 252699 
    2126   1.8800   1.000035 3.080723e+05 308083 
   -2126   1.8800   0.999233 3.080723e+05 307836 
    1116   1.8800   1.000340 3.080723e+05 308177 
   -1116   1.8800   0.999054 3.080723e+05 307781 
 9952212   1.8800   0.996620 1.057735e+05 105416 
-9952212   1.8800   0.996772 1.057735e+05 105432 
 9952112   1.8800   0.993151 1.057735e+05 105049 
-9952112   1.8800   0.996422 1.057735e+05 105395 
    2226   1.8800   0.999661 3.080723e+05 307968 
   -2226   1.8800   0.998074 3.080723e+05 307479 
    1216   1.8800   0.998068 3.080723e+05 307477 
   -1216   1.8800   1.002937 3.080723e+05 308977 
   23124   1.8900   1.000870 1.915704e+05 191737 
  -23124   1.8900   0.997874 1.915704e+05 191163 
 9962212   1.8950   0.999165 8.251692e+04 82448 
-9962212   1.8950   0.997214 8.251692e+04 82287 
 9962112   1.8950   0.997965 8.251692e+04 82349 
-9962112   1.8950   0.999674 8.251692e+04 82490 
   22222   1.9000   1.001607 1.377506e+05 137972 
  -22222   1.9000   1.003872 1.377506e+05 138284 
 9912214   1.9000   1.002899 1.763348e+05 176846 
-9912214   1.9000   1.001958 1.763348e+05 176680 
 9912114   1.9000   0.997495 1.763348e+05 175893 
-9912114   1.9000   0.997489 1.763348e+05 175892 
   22122   1.9000   1.005375 1.377506e+05 138491 
  -22122   1.9000   1.000322 1.377506e+05 137795 
   21212   1.9000   1.003386 1.377506e+05 138217 
  -21212   1.9000   1.002471 1.377506e+05 138091 
   21112   1.9000   1.008649 1.377506e+05 138942 
  -21112   1.9000   1.001331 1.377506e+05 137934 
   13116   1.9150   1.003175 2.105028e+05 211171 
  -13116   1.9150   0.996557 2.105028e+05 209778 
   13216   1.9150   1.001213 2.104836e+05 210739 
  -13216   1.9150   1.000126 2.104836e+05 210510 
   13226   1.9150   0.998517 2.105071e+05 210195 
  -13226   1.9150   1.001044 2.105071e+05 210727 
   22224   1.9200   0.999128 1.989816e+05 198808 
  -22224   1.9200   0.997710 1.989816e+05 198526 
   22214   1.9200   0.999997 1.989816e+05 198981 
  -22214   1.9200   1.001223 1.989816e+05 199225 
   22114   1.9200   1.002369 1.989816e+05 199453 
  -22114   1.9200   0.996233 1.989816e+05 198232 
   21114   1.9200   1.000500 1.989816e+05 199081 
  -21114   1.9200   1.001851 1.989816e+05 199350 
    1118   1.9300   1.002006 3.141477e+05 314778 
   -1118   1.9300   1.002570 3.141477e+05 314955 
    2118   1.9300   1.000332 3.141477e+05 314252 
   -2118   1.9300   1.003490 3.141477e+05 315244 
    2228   1.9300   1.003805 3.141477e+05 315343 
   -2228   1.9300   0.999476 3.141477e+05 313983 
    2218   1.9300   1.001322 3.141477e+05 314563 
   -2218   1.9300   0.999622 3.141477e+05 314029 
   23114   1.9400   0.993502 1.435498e+05 142617 
  -23114   1.9400   0.996107 1.435498e+05 142991 
   23214   1.9400   0.993299 1.434594e+05 142498 
  -23214   1.9400   0.999175 1.434594e+05 143341 
   23224   1.9400   0.995113 1.435676e+05 142866 
  -23224   1.9400   0.993344 1.435676e+05 142612 
 9050225   1.9440   0.997233 4.294702e+05 428282 
  103316   1.9500   0.998823 1.647790e+05 164585 
 -103316   1.9500   1.003647 1.647790e+05 165380 
  103326   1.9500   1.004552 1.647790e+05 165529 
 -103326   1.9500   1.004715 1.647790e+05 165556 
   11116   1.9500   1.000075 2.383302e+05 238348 
  -11116   1.9500   1.000444 2.383302e+05 238436 
   11216   1.9500   0.999378 2.383302e+05 238182 
  -11216   1.9500   0.999429 2.383302e+05 238194 
   12126   1.9500   1.000037 2.383302e+05 238339 
  -12126   1.9500   0.999479 2.383302e+05 238206 
   12226   1.9500   1.003499 2.383302e+05 239164 
  -12226   1.9500   0.998438 2.383302e+05 237958 
    -431   1.9683   1.002676 3.043655e+04 30518 
     431   1.9683   1.005403 3.043655e+04 30601 
 9902218   1.9900   0.999335 2.533826e+05 253214 
-9902218   1.9900   0.997843 2.533826e+05 252836 
 9902118   1.9900   0.997638 2.533826e+05 252784 
-9902118   1.9900   1.002421 2.533826e+05 253996 
     219   1.9950   1.000119 6.325400e+05 632615 
     119   1.9950   1.000544 6.325400e+05 632884 
    -219   1.9950   1.001202 6.325400e+05 633300 
     423   2.0000   0.995957 7.554944e+04 75244 
 9922114   2.0000   1.003688 1.527566e+05 153320 
-9922114   2.0000   0.999348 1.527566e+05 152657 
 9922214   2.0000   1.000494 1.527566e+05 152832 
-9922214   2.0000   0.997698 1.527566e+05 152405 
    -413   2.0000   0.999584 7.554944e+04 75518 
     413   2.0000   1.000299 7.554944e+04 75572 
    -423   2.0000   1.004892 7.554944e+04 75919 
 9060225   2.0100   1.001950 1.836579e+05 184016 
     229   2.0180   1.000741 3.996109e+05 399907 
  203316   2.0250   1.004593 1.226746e+05 123238 
 -203316   2.0250   1.003892 1.226746e+05 123152 
  203326   2.0250   0.997509 1.226746e+05 122369 
 -203326   2.0250   0.996718 1.226746e+05 122272 
    3228   2.0300   1.000940 1.491977e+05 149338 
   -3228   2.0300   1.006088 1.491977e+05 150106 
    3218   2.0300   1.001161 1.491559e+05 149329 
   -3218   2.0300   1.000772 1.491559e+05 149271 
    3118   2.0300   0.992739 1.491903e+05 148107 
   -3118   2.0300   0.999602 1.491903e+05 149131 
     329   2.0450   1.000148 3.764225e+05 376478 
     319   2.0450   1.000296 3.764225e+05 376534 
    -319   2.0450   1.001901 3.764225e+05 377138 
    -329   2.0450   1.001160 3.764225e+05 376859 
 9972212   2.1000   1.017240 3.728420e+04 37927 
-9972212   2.1000   1.013834 3.728420e+04 37800 
 9922116   2.1000   0.998368 1.078700e+05 107694 
-9922116   2.1000   0.999629 1.078700e+05 107830 
 9922216   2.1000   1.001400 1.078700e+05 108021 
-9922216   2.1000   1.002225 1.078700e+05 108110 
    3128   2.1000   0.995930 8.195255e+04 81619 
   -3128   2.1000   0.986595 8.195255e+04 80854 
 9972112   2.1000   1.015792 3.728420e+04 37873 
-9972112   2.1000   1.013378 3.728420e+04 37783 
   23126   2.1100   1.008002 8.028948e+04 80932 
  -23126   2.1100   0.998973 8.028948e+04 80207 
     433   2.1121   0.993963 3.856382e+04 38331 
    -433   2.1121   0.988465 3.856382e+04 38119 
 9932214   2.1200   0.988436 8.213585e+04 81186 
-9932214   2.1200   0.991151 8.213585e+04 81409 
 9932114   2.1200   0.992746 8.213585e+04 81540 
-9932114   2.1200   0.991272 8.213585e+04 81419 
    1218   2.1800   0.990690 1.012991e+05 100356 
   -1218   2.1800   0.994737 1.012991e+05 100766 
    2128   2.1800   0.994955 1.012991e+05 100788 
   -2128   2.1800   0.994402 1.012991e+05 100732 
19922119   2.2200   0.996800 7.848913e+04 78238 
-19922119   2.2200   0.994698 7.848913e+04 78073 
19922219   2.2200   0.998979 7.848913e+04 78409 
-19922219   2.2200   0.997208 7.848913e+04 78270 
19932219   2.2500   1.003913 6.100731e+04 61246 
-19932219   2.2500   1.003585 6.100731e+04 61226 
 9903118   2.2500   0.987698 4.849659e+04 47900 
-9903118   2.2500   1.000070 4.849659e+04 48500 
 9903218   2.2500   0.995596 4.849659e+04 48283 
-9903218   2.2500   0.991492 4.849659e+04 48084 
 9903228   2.2500   0.996936 4.849659e+04 48348 
-9903228   2.2500   0.989204 4.849659e+04 47973 
19932119   2.2500   1.011354 6.100731e+04 61700 
-19932119   2.2500   1.010256 6.100731e+04 61633 
  203338   2.2520   1.014227 3.710806e+04 37636 
 -203338   2.2520   1.018808 3.710806e+04 37806 
    4122   2.2865   1.032716 8.970517e+03 9264 
   -4122   2.2865   1.057799 8.970517e+03 9489 
 9080225   2.2970   0.981374 4.025682e+04 39507 
   10431   2.3177   1.150599 3.711110e+03 4270 
  -10431   2.3177   1.152485 3.711110e+03 4277 
   10411   2.3180   1.124621 3.704360e+03 4166 
   10421   2.3180   1.169433 3.704360e+03 4332 
  -10411   2.3180   1.141088 3.704360e+03 4227 
  -10421   2.3180   1.149456 3.704360e+03 4258 
19903129   2.3500   1.008313 2.507157e+04 25280 
-19903129   2.3500   1.009430 2.507157e+04 25308 
 9090225   2.3500   0.993010 4.045276e+04 40170 
  -10413   2.4214   0.897200 5.926215e+03 5317 
  -10423   2.4214   0.893488 5.926215e+03 5295 
   10423   2.4214   0.889944 5.926215e+03 5274 
   10413   2.4214   0.891632 5.926215e+03 5284 
  -20413   2.4270   0.905294 5.727421e+03 5185 
   20413   2.4270   0.936722 5.727421e+03 5365 
   20423   2.4270   0.890104 5.727421e+03 5098 
  -20423   2.4270   0.891326 5.727421e+03 5105 
    4112   2.4500   0.967228 3.318761e+03 3210 
   -4112   2.4500   1.001578 3.318761e+03 3324 
    4212   2.4500   0.974159 3.318761e+03 3233 
   -4212   2.4500   0.962407 3.318761e+03 3194 
    4222   2.4500   0.994347 3.318761e+03 3300 
   -4222   2.4500   0.973556 3.318761e+03 3231 
   20433   2.4595   0.992576 4.697879e+03 4663 
  -20433   2.4595   1.033445 4.697879e+03 4855 
     425   2.4626   1.019770 7.683107e+03 7835 
    -425   2.4626   1.008056 7.683107e+03 7745 
     415   2.4626   0.996602 7.683107e+03 7657 
    -415   2.4626   0.988793 7.683107e+03 7597 
    4232   2.4700   1.014448 2.937558e+03 2980 
   -4232   2.4700   1.005257 2.937558e+03 2953 
    4132   2.4700   1.034873 2.937558e+03 3040 
   -4132   2.4700   1.003895 2.937558e+03 2949 
    4114   2.5200   1.065616 4.328951e+03 4613 
   -4114   2.5200   1.097725 4.328951e+03 4752 
    4214   2.5200   1.048522 4.328951e+03 4539 
   -4214   2.5200   1.073932 4.328951e+03 4649 
    4224   2.5200   1.103732 4.328951e+03 4778 
   -4224   2.5200   0.857252 4.328951e+03 3711 
   10433   2.5351   0.704349 2.960180e+03 2085 
  -10433   2.5351   0.688810 2.960180e+03 2039 
    -435   2.5719   0.641282 3.938988e+03 2526 
     435   2.5719   0.391471 3.938988e+03 1542 
    4322   2.5800   0.382168 1.499341e+03 573 
   -4322   2.5800   0.382168 1.499341e+03 573 
    4312   2.5800   0.380167 1.499341e+03 570 
   -4312   2.5800   0.389504 1.499341e+03 584 
   14122   2.5922   0.386789 1.390937e+03 538 
  -14122   2.5922   0.376724 1.390937e+03 524 
    4314   2.6459   0.401614 2.001922e+03 804 
   -4314   2.6459   0.128876 2.001922e+03 258 
    4324   2.6459   0.144861 2.001922e+03 290 
   -4324   2.6459   0.146359 2.001922e+03 293 
    4332   2.6952   0.051390 7.394467e+02 38 
   -4332   2.6952   0.054095 7.394467e+02 40 
    4334   2.7659   0.044922 9.572178e+02 43 
   -4334   2.7659   0.053279 9.572178e+02 51 
     441   2.9836   0.032069 6.236513e+01 2 
     443   3.0970   0.064795 9.259982e+01 6 
   10441   3.4148   0.000000 4.262161e+00 0 
   20443   3.5107   0.000000 7.017332e+00 0 
   10443   3.5254   0.000000 6.399408e+00 0 
     445   3.5562   0.000000 8.793019e+00 0 
    4422   3.5980   0.000000 2.706817e+00 0 
   -4422   3.5980   0.000000 2.706817e+00 0 
    4412   3.5980   0.000000 2.706817e+00 0 
   -4412   3.5980   0.000000 2.706817e+00 0 
  100441   3.6392   0.000000 1.045049e+00 0 
    4424   3.6565   0.000000 3.750589e+00 0 
   -4424   3.6565   0.000000 3.750589e+00 0 
    4414   3.6565   0.000000 3.750589e+00 0 
   -4414   3.6565   0.000000 3.750589e+00 0 
  100443   3.6861   0.000000 2.335609e+00 0 
   30443   3.7731   0.000000 1.351561e+00 0 
    4432   3.7866   0.000000 8.278052e-01 0 
   -4432   3.7866   0.000000 8.278052e-01 0 
    4434   3.8247   0.000000 1.303321e+00 0 
   -4434   3.8247   0.000000 1.303321e+00 0 
    4444   4.9159   0.000000 1.294630e-03 0 
   -4444   4.9159   0.000000 1.294630e-03 0 
     511   5.2800   0.000000 3.168848e-05 0 
    -511   5.2800   0.000000 3.168848e-05 0 
     521   5.2800   0.000000 3.168848e-05 0 
    -521   5.2800   0.000000 3.168848e-05 0 
    -513   5.3193   0.000000 7.394387e-05 0 
    -523   5.3193   0.000000 7.394387e-05 0 
     513   5.3193   0.000000 7.394387e-05 0 
     523   5.3193   0.000000 7.394387e-05 0 
    -531   5.3668   0.000000 1.818948e-05 0 
     531   5.3668   0.000000 1.818948e-05 0 
    -533   5.4154   0.000000 3.998821e-05 0 
     533   5.4154   0.000000 3.998821e-05 0 
    5122   5.6195   0.000000 7.214168e-06 0 
   -5122   5.6195   0.000000 7.214168e-06 0 
  -10521   5.6800   0.000000 2.447762e-06 0 
  -10511   5.6800   0.000000 2.447762e-06 0 
   10521   5.6800   0.000000 2.447762e-06 0 
   10511   5.6800   0.000000 2.447762e-06 0 
  -10523   5.7300   0.000000 5.329080e-06 0 
  -10513   5.7300   0.000000 5.329080e-06 0 
   10523   5.7300   0.000000 5.329080e-06 0 
   10513   5.7300   0.000000 5.329080e-06 0 
  -20513   5.7800   0.000000 3.866941e-06 0 
  -20523   5.7800   0.000000 3.866941e-06 0 
   20523   5.7800   0.000000 3.866941e-06 0 
   20513   5.7800   0.000000 3.866941e-06 0 
    5232   5.7900   0.000000 2.417764e-06 0 
   -5232   5.7900   0.000000 2.417764e-06 0 
    5132   5.7900   0.000000 2.417764e-06 0 
   -5132   5.7900   0.000000 2.417764e-06 0 
    5112   5.8100   0.000000 2.126589e-06 0 
   -5112   5.8100   0.000000 2.126589e-06 0 
    5222   5.8100   0.000000 2.126589e-06 0 
   -5222   5.8100   0.000000 2.126589e-06 0 
    5212   5.8100   0.000000 2.126589e-06 0 
   -5212   5.8100   0.000000 2.126589e-06 0 
     515   5.8220   0.000000 4.922456e-06 0 
    -525   5.8220   0.000000 4.922456e-06 0 
    -515   5.8220   0.000000 4.922456e-06 0 
     525   5.8220   0.000000 4.922456e-06 0 
  -10533   5.8286   0.000000 2.830995e-06 0 
   10533   5.8286   0.000000 2.830995e-06 0 
    5114   5.8300   0.000000 3.740899e-06 0 
   -5114   5.8300   0.000000 3.740899e-06 0 
    5214   5.8300   0.000000 3.740899e-06 0 
   -5214   5.8300   0.000000 3.740899e-06 0 
    5224   5.8300   0.000000 3.740899e-06 0 
   -5224   5.8300   0.000000 3.740899e-06 0 
     535   5.8399   0.000000 4.389113e-06 0 
    -535   5.8399   0.000000 4.389113e-06 0 
  -10531   5.9200   0.000000 5.248177e-07 0 
   10531   5.9200   0.000000 5.248177e-07 0 
    5312   5.9600   0.000000 8.118549e-07 0 
   -5312   5.9600   0.000000 8.118549e-07 0 
    5322   5.9600   0.000000 8.118549e-07 0 
   -5322   5.9600   0.000000 8.118549e-07 0 
    5314   5.9700   0.000000 1.522699e-06 0 
   -5314   5.9700   0.000000 1.522699e-06 0 
    5324   5.9700   0.000000 1.522699e-06 0 
   -5324   5.9700   0.000000 1.522699e-06 0 
   20533   6.0200   0.000000 7.909307e-07 0 
  -20533   6.0200   0.000000 7.909307e-07 0 
    5332   6.0480   0.000000 4.405567e-07 0 
   -5332   6.0480   0.000000 4.405567e-07 0 
    5334   6.1300   0.000000 5.204638e-07 0 
   -5334   6.1300   0.000000 5.204638e-07 0 
     541   6.2751   0.000000 5.122280e-08 0 
    -541   6.2751   0.000000 5.122280e-08 0 
     543   6.3400   0.000000 1.012471e-07 0 
    -543   6.3400   0.000000 1.012471e-07 0 
    5242   7.0057   0.000000 9.263942e-10 0 
   -5242   7.0057   0.000000 9.263942e-10 0 
    5142   7.0057   0.000000 9.263942e-10 0 
   -5142   7.0057   0.000000 9.263942e-10 0 
    5412   7.0372   0.000000 7.560396e-10 0 
   -5412   7.0372   0.000000 7.560396e-10 0 
    5422   7.0372   0.000000 7.560396e-10 0 
   -5422   7.0372   0.000000 7.560396e-10 0 
    5414   7.0485   0.000000 1.406096e-09 0 
   -5414   7.0485   0.000000 1.406096e-09 0 
    5424   7.0485   0.000000 1.406096e-09 0 
   -5424   7.0485   0.000000 1.406096e-09 0 
    5342   7.1910   0.000000 2.802026e-10 0 
   -5342   7.1910   0.000000 2.802026e-10 0 
    5432   7.2110   0.000000 2.462178e-10 0 
   -5432   7.2110   0.000000 2.462178e-10 0 
    5434   7.2190   0.000000 4.676678e-10 0 
   -5434   7.2190   0.000000 4.676678e-10 0 
   10541   7.2500   0.000000 9.570061e-11 0 
  -10541   7.2500   0.000000 9.570061e-11 0 
   20543   7.3000   0.000000 2.078492e-10 0 
  -10543   7.3000   0.000000 2.078492e-10 0 
  -20543   7.3000   0.000000 2.078492e-10 0 
   10543   7.3000   0.000000 2.078492e-10 0 
     545   7.3500   0.000000 2.507720e-10 0 
    -545   7.3500   0.000000 2.507720e-10 0 
    5442   8.3095   0.000000 2.010825e-13 0 
   -5442   8.3095   0.000000 2.010825e-13 0 
    5444   8.3133   0.000000 3.923737e-13 0 
   -5444   8.3133   0.000000 3.923737e-13 0 
     551   9.4000   0.000000 8.418058e-17 0 
     553   9.4603   0.000000 1.705738e-16 0 
   10551   9.8594   0.000000 4.228600e-18 0 
   20553   9.8928   0.000000 1.020512e-17 0 
   10553   9.8993   0.000000 9.781975e-18 0 
     555   9.9122   0.000000 1.498906e-17 0 
  100553  10.0230   0.000000 4.368861e-18 0 
  200553  10.3552   0.000000 5.009471e-19 0 
    5512  10.4227   0.000000 2.150308e-19 0 
   -5512  10.4227   0.000000 2.150308e-19 0 
    5522  10.4227   0.000000 2.150308e-19 0 
   -5522  10.4227   0.000000 2.150308e-19 0 
    5514  10.4414   0.000000 3.806768e-19 0 
   -5514  10.4414   0.000000 3.806768e-19 0 
    5524  10.4414   0.000000 3.806768e-19 0 
   -5524  10.4414   0.000000 3.806768e-19 0 
    5532  10.6021   0.000000 6.671170e-20 0 
   -5532  10.6021   0.000000 6.671170e-20 0 
    5534  10.6143   0.000000 1.232136e-19 0 
   -5534  10.6143   0.000000 1.232136e-19 0 
    5542  11.7077   0.000000 4.872835e-23 0 
   -5542  11.7077   0.000000 4.872835e-23 0 
    5544  11.7115   0.000000 9.506507e-23 0 
   -5544  11.7115   0.000000 9.506507e-23 0 
    5554  15.1106   0.000000 2.007346e-32 0 
   -5554  15.1106   0.000000 2.007346e-32 0 
